244
-32 756
-34 -295
39 -209
-10 700
46 -419
-12 792
48 -847
26 580
-26 -954
43 -866
-20 287
-49 606
-27 -417
-27 578
-23 -983
15 -324
-27 -779
20 222
39 -297
13 -883
8 -129
45 170
-24 695
1 -565
-10 93
-41 -795
10 -482
15 432
29 -101
-15 740
-23 -626
10 -30
-13 557
22 901
38 176
-40 864
43 965
-28 -414
-1 -435
-10 -819
-23 -532
-46 -531
-49 474
-36 443
-17 447
47 -191
-33 -889
35 212
40 104
-18 344
-44 316
-47 590
-13 -329
-10 527
-21 931
20 -616
6 657
-35 -987
17 -294
3 -952
-26 61
-29 307
20 713
-18 289
-37 734
-17 436
-23 -646
-39 -115
-46 540
8 651
-9 294
24 -191
6 604
4 553
0 896
-42 -210
-3 -804
-13 481
35 368
-34 -197
46 445
-7 743
35 464
36 -355
-1 -543
-9 -20
47 293
25 967
-21 554
-11 -668
-50 504
13 852
-24 -172
-8 139
-15 -287
-46 995
9 -80
10 -990
41 734
-13 703
38 835
40 -10
41 899
-25 694
-22 -986
47 -471
39 396
-33 278
40 151
-40 868
14 91
44 -53
-8 -329
15 -241
9 713
-37 38
15 -420
30 -635
-33 -812
-37 183
-34 -455
0 593
-24 273
-21 -505
-25 608
-22 922
48 -8
31 323
37 -163
-22 -49
-18 670
4 982
35 768
49 -697
13 -568
17 428
17 176
-35 -735
-12 -41
-27 618
-30 -63
-37 -399
15 250
-26 69
47 -502
45 -498
-22 -252
-15 -698
-11 890
-22 -269
-30 -123
-8 413
-3 808
36 571
-35 -287
8 691
43 138
13 -564
-39 739
-31 761
26 -264
-38 -132
-15 -838
-26 -879
18 83
50 -964
-26 911
-34 58
-16 404
-45 876
-6 843
37 70
-35 -917
7 320
-12 494
-35 -630
-32 -612
-23 -116
10 -458
4 -507
39 89
45 240
-6 462
49 -109
-48 -678
-28 -365
13 -517
-40 679
15 -590
-38 -525
-18 -562
-37 -844
-22 -405
-45 15
-33 271
34 130
17 540
49 -451
-47 297
3 -112
-50 -618
-40 -653
35 532
-12 101
-50 -809
-19 -373
-43 -765
-49 509
39 191
-33 -683
45 713
-31 465
11 -996
20 -384
-12 -24
29 -486
-11 -132
-31 170
2 -186
-17 671
-16 -252
12 -24
41 -111
40 -223
-27 -342
-48 -748
-44 532
6 -735
18 -775
9 869
-16 -403
-41 -699
39 -565
-5 -415
10 110
46 -438
6 -834
7 -353
-26 -54
-30 886
38 -214
-50 -623
13 487
-14 132
2 3782 808
3
3
2 -917 793
2 4051 -39
2 -12 116
3
1 7051 233
3
3
2 2260 926
1 3212 24
3
3
2 3888 -30
2 352 733
2 -315 -73
2 381 853
1 1379 214
3
1 9125 233
1 -1000 222
2 1033 53
3
2 1193 650
2 1841 942
3
3
1 9295 36
2 -802 263
2 -919 18
1 -9 170
3
3
3
1 8005 192
1 6293 70
2 3473 764
2 1101 396
1 4165 16
3
2 1595 38
1 82 60
2 818 -29
1 274 102
1 2927 35
1 5153 158
2 -528 286
1 1338 56
2 3102 594
1 7259 149
2 3586 234
3
1 6476 115
1 -858 54
1 -467 69
3
2 2150 879
1 9631 36
1 1674 172
2 4381 891
1 -841 55
2 2045 276
2 2365 469
3
1 5210 102
2 1058 934
1 6063 34
1 -757 121
1 1539 1
2 -595 517
3
1 3602 110
2 4449 273
3
2 1216 646
2 1787 487
2 398 511
3
1 3499 166
1 8276 164
2 3540 152
3
2 4248 718
2 1116 314
2 2402 -64
1 5109 72
2 1670 513
1 7148 195
2 4679 514
2 -173 235
1 6494 139
3
3
1 9896 189
3
1 1180 216
1 8356 161
1 9593 79
3
3
2 1195 868
3
2 3676 741
3
2 3396 257
2 3569 276
1 1969 185
2 -800 789
3
2 1562 808
3
2 1663 9
1 8667 120
2 4540 -95
2 4570 500
2 2346 649
3
2 4226 973
2 1398 449
3
3
2 544 532
3
1 8505 15
2 2155 322
2 2233 391
3
3
2 4549 743
2 -854 621
2 169 74
1 2781 70
2 -96 661
2 851 539
3
2 1854 891
2 2916 241
2 2849 313
1 8771 203
3
2 2894 979
