39
-11 319
-28 -682
-28 -15
7 -344
-29 395
-45 206
-6 822
27 -749
43 -986
-4 149
-31 785
43 392
-36 -720
17 -269
-10 -919
-39 -212
-45 -284
21 -871
46 945
-43 151
-16 -664
-21 840
4 -486
1 -59
28 -960
-23 322
-15 280
-39 463
-43 -804
23 -570
44 984
-11 -245
43 108
33 -750
-17 201
0 -730
-18 -37
29 34
-39 -64
3
2 1667 678
2 4683 977
1 4116 8
2 1075 327
3
1 5752 24
1 729 24
3
2 -608 481
2 600 472
1 6462 3
3
2 4459 733
3
3
2 885 610
3
1 6359 21
3
1 9301 34
2 4717 317
2 1175 348
2 3006 970
2 3807 371
2 -644 807
2 1761 126
3
1 2737 29
3
2 1018 900
1 143 1
2 4255 424
2 149 477
3
1 3703 8
1 7911 28
1 3529 20
1 3186 38
1 -374 4
2 3708 425
1 1795 32
2 153 79
3
3
1 5934 38
2 1709 725
2 3592 121
2 2218 414
1 5543 24
3
3
3
2 1125 -59
2 4769 941
2 2095 190
2 4491 49
1 7430 22
2 -875 -98
1 9341 17
1 9361 13
2 4396 894
2 1402 454
2 3990 -21
1 4073 21
3
2 3059 167
2 4627 98
2 1277 66
3
1 1908 1
1 9082 16
1 5419 8
3
2 -828 724
1 1889 33
3
2 4001 249
3
3
2 4593 602
1 -509 7
3
1 1370 2
2 -76 -62
1 4419 16
1 622 3
3
1 5300 1
2 4170 -96
3
2 -621 563
2 424 996
2 1202 896
1 5910 9
1 8358 21
3
