65
3 -408
9 -880
39 -102
1 821
-50 926
-36 438
19 467
-11 -40
31 295
7 -996
19 831
30 239
-50 -168
49 599
-50 -496
-14 431
34 976
-3 432
6 -575
-21 512
40 595
15 -946
-44 531
10 -414
41 -812
12 199
41 609
43 -448
38 -954
29 133
-11 -86
-7 -334
-48 -474
-26 438
44 -118
-16 569
24 325
-18 -476
-36 -25
-48 752
14 759
4 336
35 -974
-33 -998
32 -645
-17 25
-42 877
-38 929
-28 861
-27 -893
40 488
12 -621
-44 139
29 -6
-36 169
-50 4
16 791
-16 -588
-48 -801
21 770
-9 -952
37 -771
35 684
-31 863
-39 307
2 4749 548
1 6773 47
2 1703 409
3
2 -93 2
2 718 773
1 1236 61
3
1 9135 48
3
3
2 3329 620
2 -638 519
2 3149 788
1 9811 29
3
1 6270 39
1 2035 42
2 3841 410
2 680 195
2 25 874
1 5805 36
3
1 7789 9
2 4785 885
3
2 1304 -97
1 588 63
2 -402 -81
1 7306 34
3
2 3310 322
1 8498 47
2 2457 -50
1 2869 54
2 992 43
2 600 155
3
3
1 4494 10
1 8668 36
1 -382 28
1 7905 40
2 214 758
2 3512 942
3
1 6844 60
2 3423 -8
2 -655 690
2 4459 509
1 6686 38
1 9378 30
2 2179 128
2 541 244
3
1 3956 32
1 9116 56
2 2608 513
2 -305 890
2 4383 746
1 -516 12
2 211 799
2 933 787
1 -209 10
