471
-42 -397
-38 874
-45 945
5 530
27 -57
-21 981
-43 617
-11 347
-28 517
-16 -312
-45 -312
46 234
29 -242
-36 597
-48 29
-36 269
-19 420
30 207
49 735
-48 -403
-41 59
-49 -371
19 700
-24 -927
12 398
-1 -425
-18 153
-14 -534
-26 -950
-24 -934
-10 86
33 609
31 -638
-1 280
-12 -987
34 447
12 -662
14 -447
-49 -305
-13 988
-14 -594
31 -41
36 529
-45 -659
33 794
42 -119
-47 -464
31 -120
16 -946
-26 972
44 -713
-6 306
0 -139
45 -464
-24 32
-46 633
-21 751
30 -995
-41 -29
25 -554
22 704
35 36
37 -124
8 675
21 36
14 -772
5 -461
-39 -346
-8 34
-31 -616
47 -220
25 890
-15 -708
2 425
17 298
-21 232
18 298
32 -542
18 -349
31 877
-31 271
0 73
-14 -835
-37 -938
4 185
35 -513
-31 -710
35 732
27 411
16 -607
0 495
37 105
23 -202
47 -560
-18 -791
-33 -295
-1 -373
41 655
-42 -104
9 -394
39 379
26 -963
39 575
-13 -431
-8 -855
18 306
22 -278
-11 -728
27 -684
-46 557
9 942
-31 881
6 268
39 582
42 730
20 -77
-33 -597
47 792
8 -257
-13 -531
-34 120
-45 -932
-27 62
-49 -887
15 503
-4 28
-23 54
-2 343
-49 -860
8 13
-8 318
4 -668
13 -378
-3 -615
-27 750
-48 -393
29 -259
-50 983
-38 -756
3 -379
-41 -870
-30 -31
-50 26
9 846
-29 -580
34 604
29 -627
-18 -145
22 -943
-18 -423
-21 -798
-40 -882
26 -51
39 980
34 -32
50 660
18 787
49 1
-19 524
50 -833
-50 -712
-8 -751
-34 908
-49 -909
37 368
5 321
-23 588
28 -708
2 840
50 32
-9 -266
-41 905
29 734
-41 799
20 924
12 886
-14 447
-11 -86
-44 -840
-34 -819
4 -733
8 397
29 192
11 -783
38 -612
14 -504
-5 680
35 -450
29 -1000
-44 -873
16 720
15 -125
46 695
-4 68
33 -808
44 -693
44 -229
2 -2
-45 -262
-49 164
-17 -530
-14 -293
-43 196
31 812
-24 392
-46 -268
21 -152
4 907
-5 -476
43 516
11 -592
26 106
28 -982
32 -746
42 -66
-41 123
-28 428
1 -143
19 705
38 83
-10 399
-43 -676
5 657
-27 327
4 882
-18 -286
44 299
-43 720
3 -891
21 -520
-42 -104
-17 636
41 -875
18 -203
-48 560
-32 -763
-1 747
-31 297
27 -614
-39 -441
-37 485
11 -996
46 354
-13 250
-46 408
-27 -500
-1 -605
46 214
-13 702
-34 141
-12 -335
-31 -888
34 825
15 -898
-3 -483
19 798
-2 327
47 -615
3 -971
8 739
33 -57
20 494
38 -630
-21 44
-5 199
-11 -303
-44 663
-20 202
5 -629
-11 -496
-39 444
11 207
36 970
-10 -307
-11 -660
13 604
-37 -45
-25 563
18 693
10 -835
49 937
35 804
-48 105
-6 -898
39 126
-35 428
-6 -433
9 901
-2 -776
-39 -742
-35 -956
37 625
29 -34
20 -717
3 357
-8 -881
26 -51
-32 -55
15 -150
45 -630
-11 -964
-3 243
32 424
-5 222
43 17
40 -555
9 -809
4 365
-43 856
18 567
31 774
20 631
35 436
-41 -604
15 -922
-44 733
-50 -151
-40 262
31 -341
8 -934
36 410
-33 746
-16 888
50 790
-43 31
-31 105
-33 765
11 -650
43 863
34 96
-19 -654
41 -946
-3 917
-37 -736
38 -277
15 -327
35 785
-10 -690
15 578
16 -661
-49 11
2 -836
38 -54
-47 0
-45 -81
-4 240
-35 -992
48 50
-23 -928
-32 37
4 -405
28 -949
0 440
21 -474
-41 -354
-48 -176
40 -651
-22 810
-20 -678
-27 -337
-31 -64
-38 -574
-42 -900
-33 396
14 367
-10 351
-23 418
-42 758
-33 -206
-28 596
-17 -65
-24 566
23 226
-42 656
-10 692
-35 -956
37 464
50 627
-12 703
22 256
7 443
23 -896
-37 951
9 -668
34 423
32 215
-3 -203
22 -218
7 -991
35 -673
1 914
-11 -610
-23 516
-23 452
37 -315
21 473
9 -996
-13 -252
-43 -404
29 -873
30 -320
40 206
-46 -197
37 321
14 468
-30 181
34 -953
0 653
47 670
20 659
28 149
-19 -332
-38 -526
17 903
-27 -106
-11 385
49 -122
19 -458
-21 588
-4 448
-23 261
14 -792
33 -354
17 -339
41 70
10 -160
13 -324
-34 35
-18 -839
-36 826
29 -241
44 -759
-14 -235
32 168
22 52
-17 497
15 478
11 422
-1 846
-37 -855
29 -843
23 10
-45 533
-20 27
9 867
-44 378
13 -408
-4 -733
-17 945
-38 -705
-43 240
46 -115
-13 374
-46 175
-34 191
23 -220
23 282
-14 -731
-7 -566
18 -206
30 68
38 110
-20 -120
-23 -968
32 -925
9 823
-19 62
-10 -489
25 -22
-45 -183
-26 -251
2 3461 147
3
1 1622 15
3
1 5331 382
3
1 9297 356
1 4769 438
