57
-32 155
-28 -760
10 -801
-39 -559
-22 -208
5 691
32 -98
15 701
43 -218
-30 -708
-42 -973
-10 432
44 207
-35 635
12 -823
27 826
-6 39
29 831
29 138
-49 -216
-16 -714
-11 -382
26 629
-46 896
-50 -440
-19 -730
25 -65
-37 644
7 937
-23 374
-3 -275
42 -65
-42 -957
-43 82
47 440
28 -404
48 -87
4 -455
8 -827
10 -947
-22 -670
-22 -612
-15 707
16 1000
-31 63
7 -14
-10 437
-34 509
-13 -909
-2 -455
11 -90
17 -300
-37 125
-37 -716
25 21
31 -627
-16 296
2 -913 -11
3
2 3372 515
3
2 1004 364
2 3169 206
3
3
3
2 4711 738
2 560 835
1 9989 22
1 3240 8
3
2 4671 506
2 2645 548
3
2 568 239
2 2655 46
3
3
3
2 -595 182
2 2838 840
1 9356 40
3
1 2152 19
2 -902 761
1 6726 43
2 607 405
2 3478 552
1 6369 54
3
3
3
2 2640 823
2 2595 539
2 1379 232
2 1608 778
1 4893 5
2 4780 692
1 9985 18
1 -185 32
1 -738 45
3
3
2 -644 531
2 591 910
2 393 -28
1 -458 18
1 9946 9
3
1 6341 24
1 4655 50
2 4339 355
1 2199 23
1 1161 2
1 9487 41
3
1 9144 1
3
3
3
1 1443 43
2 -976 73
3
2 4109 728
2 2065 533
2 1508 755
3
2 3838 219
2 1770 846
