61
-15 482
19 -81
-30 634
44 -247
18 -656
-6 -987
-31 85
-50 -386
26 374
-6 102
-13 855
15 493
-9 -682
14 -101
33 526
-21 -107
44 -476
-39 -644
-28 -456
-7 -492
28 257
-15 964
-46 -532
35 171
-20 -194
-25 -48
9 -590
42 403
-43 399
-2 214
-26 893
6 -721
19 -493
-21 198
29 -393
-43 -77
-17 228
-32 482
-22 224
8 -363
8 842
7 735
6 707
-40 738
26 -401
-45 -593
-13 295
-26 968
-16 -287
-6 -851
12 892
27 -911
-27 459
-45 160
43 572
-5 -978
44 688
-1 -59
12 483
38 -499
-20 -931
3
2 1213 292
3
1 5549 48
2 4817 536
1 8590 45
1 6207 53
3
1 7197 32
1 3463 52
3
1 6478 11
1 3877 13
2 1760 587
2 2799 840
1 1034 42
1 2032 3
3
2 2242 739
2 974 -57
1 -739 2
1 7778 53
3
3
1 8381 27
1 1456 35
3
3
2 1803 791
2 2703 599
1 1984 52
1 6531 15
2 4246 457
1 821 54
1 8808 1
1 -877 46
2 1395 355
1 1790 10
2 3313 137
1 6394 2
2 2620 -93
1 6511 31
2 3713 510
2 295 367
3
3
2 -651 370
1 2367 21
1 2970 7
3
2 1247 848
2 -308 976
1 6680 39
2 2628 627
1 5230 50
3
3
1 1641 51
3
3
1 5022 46
3
1 5542 12
2 2363 319
3
1 5472 6
2 1229 148
3
1 1834 58
2 -83 124
2 1797 995
3
2 4093 145
1 4554 19
1 6375 38
1 2834 3
3
3
1 617 58
3
1 3336 0
1 2940 41
2 4150 8
1 4121 29
1 853 23
1 4577 53
1 3280 3
3
3
1 7926 43
2 421 216
1 3211 47
1 7362 24
3
2 4237 929
3
1 229 36
