39
1 -897
6 -756
50 -202
-6 966
33 34
40 -151
5 -826
37 -656
28 40
26 748
-42 633
33 219
46 217
-29 -893
32 969
6 -26
42 700
27 869
46 -148
34 -183
4 400
18 681
-19 328
-21 -12
-47 -590
3 464
-34 513
28 104
-48 498
27 661
-5 -721
44 -152
-29 -455
10 861
-6 793
-25 784
-19 337
10 228
-35 -977
1 8322 4
3
1 5600 38
2 4784 937
3
3
3
2 315 583
2 3205 461
3
3
2 3935 357
1 -827 2
3
3
3
1 930 13
2 947 505
3
2 4472 301
1 6953 25
2 4603 657
1 6628 13
1 7657 28
2 4827 618
1 1417 36
2 3516 -41
2 170 457
3
2 859 209
3
2 2428 69
1 9391 3
1 295 9
3
2 3507 574
1 3246 16
1 528 16
2 522 806
3
2 4645 881
2 -877 745
3
2 2815 445
2 636 957
2 4786 155
1 336 28
1 2964 10
1 817 9
2 2019 -7
2 2004 394
3
3
3
1 5316 9
2 313 -8
2 2234 962
1 -215 30
3
3
2 2254 736
3
2 4564 481
2 2459 143
1 -915 23
3
3
3
2 4102 49
2 1325 515
1 6594 13
3
2 3014 321
2 -583 -57
3
2 373 593
2 3197 -81
