119
14 411
-49 -712
-9 -521
18 527
30 633
-12 -329
2 738
-37 -955
-20 -906
42 684
23 126
9 79
25 724
15 -544
-46 -817
25 929
35 -683
11 -319
-18 866
-5 -715
38 307
32 250
9 -243
49 -308
-7 -731
18 494
3 -325
-7 596
49 853
47 -527
29 -338
-36 -776
18 -399
-6 -748
21 -415
-40 444
-41 -928
-32 -354
44 79
50 298
-18 127
-14 -378
16 -487
-37 361
22 741
-23 934
2 639
-40 -576
-40 -490
2 693
-14 -564
-7 -726
-22 -325
26 -359
24 -56
-2 -661
33 619
39 -425
-15 -505
17 677
49 -202
35 898
2 -955
30 -215
19 -23
-9 -47
50 140
-49 -366
-24 670
-11 460
-29 307
20 -910
47 233
38 -370
41 -424
35 708
-6 -684
30 -4
11 710
49 -509
-47 799
40 125
49 -555
-6 636
2 724
41 -100
-46 772
43 142
26 -275
10 -946
47 673
-48 3
42 542
47 285
-32 239
-41 291
-46 646
3 -815
-50 671
-21 383
-46 288
-4 844
18 -548
-6 501
-35 544
49 739
40 896
49 264
-49 268
-31 379
6 -19
-12 -443
-9 931
-6 -124
38 147
-8 -713
-10 472
-45 -258
37 -515
3
1 5826 70
1 9957 24
2 658 413
2 1507 457
1 2267 73
3
1 2302 32
2 3002 -27
2 3420 449
2 883 467
3
3
1 7296 97
1 9505 61
1 7240 11
2 562 926
2 3115 435
2 180 616
2 4563 667
2 2275 70
3
2 357 314
1 7711 49
3
3
2 3648 10
1 1532 74
3
1 2097 99
3
1 -307 93
1 -56 74
3
3
2 -410 617
3
3
2 -108 -84
1 4373 88
3
1 1705 36
1 9555 30
2 605 -28
2 4252 292
3
3
1 8911 33
2 -392 -7
3
3
2 326 590
1 1861 59
1 3818 13
3
2 366 371
1 1481 17
1 1451 38
3
3
1 9681 91
1 7690 93
2 -106 36
2 3868 117
3
1 6434 113
3
3
2 1120 539
3
2 -784 301
2 804 472
3
2 4551 629
1 951 102
2 3069 229
1 6482 1
2 1989 114
3
1 3030 59
3
1 2708 118
2 124 611
2 3308 749
1 4685 20
3
2 4242 685
3
2 1039 0
2 -234 851
2 4230 786
2 628 242
1 7071 90
2 -332 532
1 3223 42
3
2 1065 16
3
3
1 685 38
2 576 871
1 1351 25
2 4848 26
2 1499 230
1 4472 95
2 3490 850
3
1 7332 7
1 2 27
3
3
1 1487 89
2 4493 960
1 -732 98
2 68 252
3
1 4299 38
2 4641 362
2 3857 192
1 605 114
3
3
2 3951 905
1 5253 73
3
1 5306 115
3
2 3112 -49
1 3870 71
2 4222 710
1 2907 6
2 154 629
3
3
3
1 6206 41
1 4856 35
3
2 1408 657
2 4049 -77
3
2 3323 451
3
3
2 42 981
1 7978 84
3
2 -911 27
2 4470 584
1 1741 87
1 5547 0
3
2 2174 712
3
3
2 36 231
1 6386 54
1 8926 79
2 1036 296
3
2 3034 284
1 -106 81
2 3295 866
3
1 6303 87
1 2006 1
2 3957 557
1 -328 24
