890
-35 605
-28 340
-18 663
-38 280
1 464
27 883
1 513
-5 794
-23 429
14 767
33 926
-15 -691
22 -266
21 -751
15 -493
6 -172
15 -936
0 151
4 945
-14 -359
47 96
22 127
17 -41
31 -361
-50 -586
-36 -344
-38 -137
19 543
25 -409
28 38
-48 -735
-45 439
23 192
-28 -570
39 883
-37 -661
-11 -625
-45 -747
-12 -4
29 -732
-33 -882
-35 675
-17 -879
23 -691
8 -927
36 983
1 -817
-35 -47
14 -850
-44 -111
-16 764
36 604
-16 544
-28 -272
19 204
-23 675
10 109
-40 151
-11 314
5 939
1 -318
26 772
24 -193
3 -586
15 -651
38 81
26 -268
-6 -495
36 -658
-41 -335
-32 875
-7 -227
-4 -797
-20 -635
20 68
-17 -180
12 -850
15 701
-40 580
7 -411
-33 -324
15 532
-36 629
30 -502
-12 165
15 379
-9 -932
-22 -178
12 -941
1 -50
-22 -76
35 -284
-8 349
-13 -488
-37 817
5 683
-18 -636
41 858
-33 -661
-13 608
-3 174
45 -177
37 -954
-3 -281
29 -467
-37 -282
17 -922
-31 -689
-41 543
-12 949
19 76
-5 223
-10 942
23 661
-11 -299
-44 848
-23 108
-48 942
6 -274
7 -210
-9 629
25 -459
17 -251
-10 615
-30 -982
-19 -622
-21 -981
50 551
-3 733
-32 886
-31 -798
32 615
-17 -895
-19 772
34 991
48 354
-9 261
21 -549
-45 14
-10 538
-45 -452
-6 65
-4 -125
3 832
22 496
0 674
49 -244
-3 -1000
-29 -90
5 -159
-3 -972
19 163
-5 75
-10 545
10 871
-38 482
-2 973
-27 163
33 829
-12 -135
3 31
-44 -28
29 372
-31 175
-8 -358
-19 30
-13 806
12 25
-6 -609
34 435
-48 424
-15 820
-16 -919
34 -790
45 -676
28 -434
31 -780
13 393
-12 -959
38 -497
35 -988
27 747
9 878
-46 -342
47 -604
-27 188
-19 -965
15 -232
49 -831
43 -581
31 -572
47 664
-18 -898
4 172
30 -668
12 -486
14 693
-5 480
-42 69
14 856
-2 -910
-19 -673
-18 338
33 -295
-3 870
-37 813
40 834
30 -475
-18 686
1 -793
-15 -774
-22 689
41 810
-26 590
0 849
-45 -200
25 916
1 -383
-30 628
-41 268
-5 -265
-50 31
-36 185
-36 528
14 975
-11 -689
-8 -212
-47 196
17 886
23 -148
-38 -554
-1 911
-13 304
7 989
-45 -49
-14 44
2 555
-50 -416
-34 269
-16 -396
-49 367
21 -450
-7 -927
15 764
15 200
50 54
7 -929
33 145
-14 -968
-35 -440
19 642
10 -395
3 153
24 -339
-34 -364
18 -679
19 -186
15 994
-45 -341
6 -762
38 327
-34 340
41 237
26 -131
8 -231
-8 -209
12 -957
33 103
8 958
2 -834
46 -52
-24 328
12 -105
-6 -652
12 660
50 -975
3 592
-14 -529
45 147
-28 -604
43 679
33 -263
40 -144
35 -920
-40 -237
-36 954
23 840
17 -961
-3 -341
-19 -194
-29 -992
-35 -598
13 815
-42 389
-39 680
-9 -323
17 -342
25 661
-10 -352
26 -100
23 531
-31 -190
40 606
31 -471
7 -697
43 -100
-16 -260
-42 -366
44 -612
-33 70
-48 -260
1 26
34 -918
6 -736
-8 252
-46 230
-16 -496
25 192
39 880
-29 -265
-48 -299
26 -702
-15 170
-4 554
-7 -613
-18 566
-15 975
-35 305
49 -514
47 -737
-17 90
-2 122
-37 -243
23 -32
32 640
27 -241
17 -599
-47 -953
4 617
-14 -373
-20 -634
-21 541
-17 -527
-37 225
-6 -729
13 -240
-9 686
46 717
32 665
-7 217
28 -501
-6 373
-14 -11
39 -579
2 -724
15 -135
39 683
28 824
-43 -24
49 -861
-6 249
-30 -699
42 -239
42 787
-2 24
-43 59
-14 -966
26 -725
-47 -433
5 54
-49 -191
42 943
16 302
-41 844
-11 -735
44 400
-31 668
26 -942
3 676
-49 -148
-6 -498
-16 -74
-45 -779
30 812
-47 71
-7 -348
1 -737
-24 -850
37 -989
-46 -823
9 118
-6 -772
30 -695
-6 696
35 -754
-12 -188
-15 -704
-24 293
-7 -754
6 843
12 -488
-25 -168
-5 471
-43 -162
28 995
5 -344
14 -473
-44 -834
-9 515
-21 -538
31 -752
-17 72
12 234
-11 119
-8 -804
-31 980
3 -662
29 950
-26 950
31 -662
-37 -497
13 666
-25 -88
12 588
18 799
-30 -209
43 960
-45 623
-3 -406
-32 952
48 473
-50 -572
-30 -438
-13 -17
32 -352
22 -778
-39 -557
45 313
18 -933
-4 350
26 -343
-49 742
-22 411
-15 160
-43 148
-48 322
-21 275
41 542
25 337
45 -778
6 -882
43 -603
5 -694
-37 761
17 -407
-3 642
-39 339
-31 90
-1 -508
40 -247
20 -623
6 -145
-39 116
35 937
25 -403
21 871
-9 -926
19 -857
42 -302
48 99
42 -850
-38 -844
-45 -879
35 -566
0 738
13 -85
28 125
-16 682
-3 -813
36 -140
-2 -221
-42 -309
-15 -980
-33 -178
-15 -140
12 -583
-2 983
-11 254
9 798
-38 500
5 -131
43 985
-31 885
-37 -506
-32 -419
-31 -974
14 -841
-6 -328
14 -144
-47 145
-32 971
2 -318
45 43
-48 -414
9 388
-47 639
6 -935
-18 -339
-27 -188
12 -87
0 667
-7 -785
-23 680
27 -665
5 275
-30 898
1 680
-22 937
2 -624
-12 968
26 -488
-22 -54
32 -158
-34 -304
-12 975
-45 938
-33 -672
-37 -999
41 511
-17 327
-7 -480
-11 112
48 -861
35 -471
-31 -682
0 -695
40 677
47 -415
-36 101
-35 240
-16 214
-27 536
-21 -285
-37 176
-45 -629
-48 584
-36 814
-40 -680
-34 -238
-38 772
-15 457
13 -310
28 656
39 -827
42 -26
33 -23
-17 380
32 -147
17 -97
5 112
-34 826
39 -596
36 -842
-40 339
-25 -294
-16 -712
5 -478
9 -692
11 -892
8 830
8 -393
-7 169
17 976
40 -598
4 -66
-26 -790
19 -520
41 -429
-31 355
14 -625
-28 -679
34 218
7 -119
48 -778
27 -668
1 -619
40 504
50 -216
-48 780
-49 -808
39 -725
-19 985
6 462
19 -89
-25 -317
16 -329
-5 628
12 254
47 -547
4 -700
41 323
39 28
-4 110
47 746
-27 479
8 814
48 -598
-16 -822
7 -888
-29 163
15 -919
-38 901
23 -53
-35 -918
-46 447
-15 995
-29 225
16 726
48 -994
-39 -943
-31 795
20 -746
17 540
27 729
9 -393
-19 -812
35 -892
-34 -687
-2 921
-1 -61
10 -574
17 -222
43 655
-41 663
40 -436
-26 -393
-44 -22
27 -729
-35 893
48 -53
-6 -964
50 775
0 -422
-48 -979
-23 -441
-21 125
-16 494
44 -633
-7 -872
14 -288
43 807
38 -815
-38 -243
39 286
-49 729
8 -64
41 -372
3 -988
-43 -469
-40 -803
-1 81
42 31
-16 -598
8 444
-17 190
-32 -430
6 939
-39 -811
-17 -189
-35 -585
-24 -116
48 70
17 -936
-8 -862
-24 -133
21 825
0 428
9 -538
-3 404
-20 513
-24 492
6 -111
6 -115
-36 -465
11 -766
-49 442
-40 355
-24 915
3 108
34 603
24 -162
-38 -795
-31 479
-48 877
-5 616
-41 850
-24 -606
49 281
-22 -122
-7 97
-25 641
-24 -504
-43 -325
-31 -390
27 -760
-29 -857
-17 848
6 638
-5 178
-14 -964
-26 364
37 312
-21 944
-6 -754
-21 -679
-13 912
42 -38
-10 380
5 -45
0 876
30 -800
9 -708
9 -240
11 530
-47 -440
-33 -647
6 660
14 939
22 -357
30 691
47 -866
12 718
-21 299
-14 99
-22 -66
-10 921
-38 853
-37 552
-16 -450
29 -917
1 791
-46 891
-22 906
-38 170
2 940
0 -933
-2 -109
-39 482
15 452
49 -804
-24 -226
34 571
42 263
-42 794
-38 823
-10 -878
45 779
30 -908
-49 111
42 -663
-5 -440
-33 713
3 -660
-7 -986
-2 420
-50 463
-10 319
-49 324
-21 554
-8 622
35 442
-50 459
-11 231
-35 934
-40 -26
1 732
-8 813
-38 -873
23 223
16 260
17 602
-47 -802
41 -707
-34 370
-33 -617
13 -587
28 799
45 -255
8 303
-9 447
-47 -162
8 672
47 360
-46 -628
4 -265
30 995
-14 -184
11 -460
-10 941
6 384
11 502
49 -267
27 -148
0 -383
-33 668
13 -371
-44 980
-30 -62
-7 -918
-18 -753
-13 698
-36 -59
-13 -103
19 -740
-14 376
23 -761
-31 830
-46 692
45 854
49 617
16 -232
-30 626
7 370
-10 -140
-16 -565
27 183
-50 780
-44 -832
43 370
48 -983
-28 -900
-12 -59
4 970
-31 410
50 993
39 -674
-26 893
12 753
-34 904
-29 251
-28 -646
35 394
-14 -849
-50 -914
-11 606
20 79
-42 -78
-41 34
-19 -528
-31 -630
-48 -543
-22 -372
-26 -523
46 866
22 143
-33 533
-44 -341
14 502
22 104
-6 493
43 -722
37 989
32 -508
32 -651
23 96
41 -996
36 266
9 47
-8 -522
33 -619
21 841
42 -549
-49 37
38 280
-4 34
36 -485
-29 -332
-2 641
45 978
44 -755
20 544
45 -224
-6 -604
36 -673
32 315
-18 810
-50 -506
19 122
-3 -644
46 842
1 6166 381
2 2115 726
3
2 3597 944
1 1729 701
1 6735 34
1 7412 229
2 -307 535
3
3
2 -18 327
2 -285 461
2 2848 295
1 9246 214
2 323 930
2 -876 -59
3
1 6233 479
3
1 139 516
3
1 2069 807
3
3
2 3998 838
2 2158 820
1 9670 564
2 4298 538
3
3
3
2 1855 -2
3
1 3103 842
3
1 -818 454
3
3
3
3
3
1 9348 398
2 4295 512
2 2722 712
3
1 1135 157
1 -711 620
2 -469 606
3
1 1465 210
2 -279 223
3
1 1259 338
3
3
3
1 3635 852
1 5395 323
2 394 837
3
3
1 4849 734
3
2 -494 502
2 2854 235
3
1 1232 171
2 4287 398
3
2 -832 461
3
3
3
1 -345 211
1 6740 313
3
3
3
1 2568 358
1 3097 302
1 7980 715
1 5778 513
1 7043 803
3
3
2 2271 313
2 2360 108
3
3
3
3
1 9297 45
2 2686 362
1 9769 577
3
3
1 42 724
3
1 4344 778
3
3
2 4874 587
1 4256 199
1 3660 650
1 8435 179
1 1736 196
2 3776 459
3
1 8948 201
3
3
1 6057 528
1 7107 281
3
1 8955 292
1 8376 452
3
3
3
3
1 8992 106
3
3
1 1757 768
2 196 989
2 2735 801
1 3637 157
3
3
2 362 246
2 -607 220
3
3
3
3
3
2 -812 445
3
3
1 6633 309
3
1 2481 562
1 793 296
2 -281 687
1 5725 763
1 9475 581
1 8663 696
3
3
1 8581 501
2 2013 924
2 -821 83
3
2 880 149
2 -466 -58
1 8740 248
1 -34 771
3
2 -679 698
1 813 171
1 -721 71
2 1039 544
1 8015 378
1 4892 489
2 2185 -23
1 5854 665
3
3
2 3065 340
2 4690 405
2 689 -98
1 6518 47
3
1 2960 104
2 1742 308
3
1 7290 108
3
1 4370 353
1 5719 447
3
3
1 3446 317
2 4782 339
2 4263 163
3
2 -282 864
1 5657 694
2 -779 869
1 -918 46
2 1658 464
3
1 -939 433
2 -524 604
2 -734 626
1 8826 690
1 -604 561
2 1672 -62
3
3
1 4833 755
1 6568 775
2 4838 816
3
2 852 198
1 2134 366
3
2 3102 -91
3
1 -53 683
3
3
1 7542 20
3
2 4662 256
2 3166 402
3
2 844 318
3
3
1 8790 220
1 9867 768
3
1 -739 235
1 3297 71
3
2 3584 651
2 2612 78
1 8431 52
1 5506 309
1 5748 112
1 -683 64
3
1 5191 325
3
2 4631 -81
2 4939 735
3
1 4085 849
2 1620 -91
3
2 2013 733
2 3837 756
3
3
2 2246 498
2 574 807
1 5992 262
3
1 6126 249
2 -264 -11
1 9262 20
2 4328 821
2 538 929
1 6802 500
2 222 918
2 3560 -9
1 -442 851
3
1 9180 574
1 1360 800
2 2928 362
2 4018 362
3
2 3999 864
3
1 2533 361
3
3
2 624 204
3
3
3
3
3
2 2588 23
3
1 7531 668
2 1363 5
2 2877 421
1 5612 346
2 1016 19
3
2 1345 586
3
3
3
3
2 -366 267
2 2355 179
1 2616 191
3
1 5947 26
3
2 4835 146
2 2304 699
1 1177 806
3
2 4211 722
3
1 6377 196
2 -371 -18
1 8604 530
1 4798 42
3
2 -412 55
3
2 4219 444
2 1933 96
3
1 9543 221
2 4139 173
3
2 2001 750
3
3
1 410 684
2 1229 821
3
1 8963 555
1 4637 736
2 1068 553
1 4610 589
3
3
1 1661 10
2 1678 983
2 3905 136
3
2 4791 713
1 2622 169
3
3
2 -332 993
3
2 1587 215
3
1 253 871
3
1 4885 793
2 1302 315
1 5536 325
2 4266 329
1 7075 617
1 2073 346
2 4542 236
2 2953 94
2 4088 562
1 2178 164
3
3
3
3
1 8999 459
2 3304 844
2 3081 832
2 4527 117
2 4122 19
2 2213 631
3
2 -581 581
2 833 234
3
2 1368 406
3
1 7909 250
3
2 1763 92
1 8278 440
3
1 1343 767
3
3
3
2 1607 601
2 503 244
2 1697 116
1 625 324
3
1 1519 501
1 -788 184
2 4154 537
3
2 3441 105
2 -283 30
2 1073 964
1 3929 38
2 2009 523
3
1 8944 672
3
1 4859 629
1 3709 246
2 2202 982
1 534 212
1 86 127
1 4216 818
1 5145 772
2 1980 803
2 -511 50
3
1 9174 199
2 1551 610
3
2 2390 -77
3
3
1 9490 826
3
3
1 2213 196
3
3
3
2 970 606
3
3
2 2157 872
2 2931 882
3
1 -619 143
2 -589 585
2 566 697
3
3
2 3899 744
2 893 90
2 34 862
2 -328 153
3
2 2499 248
1 1073 766
1 6688 212
1 2920 213
1 -733 225
3
3
1 8271 245
2 -793 194
3
2 3238 -5
2 4777 192
3
3
3
2 186 564
3
2 1263 846
2 4850 755
1 7257 320
1 1631 338
2 4532 79
1 4598 116
1 3993 125
3
3
1 6512 25
1 7456 49
1 326 701
3
2 -101 278
1 2836 309
3
2 -366 986
3
1 429 232
1 9306 860
2 1836 689
2 4819 -32
1 9744 113
3
1 7140 651
3
1 38 864
1 7215 205
2 2198 -39
3
3
1 3764 558
1 5794 577
1 1542 822
1 2253 619
2 2459 530
2 897 380
1 6880 438
3
3
2 2674 129
1 2397 80
2 1327 865
1 962 839
2 650 956
3
2 -716 737
2 -819 457
3
3
2 3372 430
1 3504 475
1 9195 384
2 -36 783
1 8455 139
1 7129 877
3
2 4225 206
2 1638 369
3
3
2 -331 635
3
2 4940 218
3
3
1 9090 101
2 -580 897
3
2 51 820
2 524 407
3
2 3325 818
1 1752 469
1 4507 589
2 411 801
2 2995 77
3
3
2 740 696
1 4545 753
1 8767 276
3
2 -6 0
1 1785 676
2 2431 105
1 6516 86
1 3281 600
2 1812 753
2 3013 600
3
1 6336 310
3
1 2224 495
2 -7 -34
1 8647 386
3
3
1 5294 454
1 6253 664
3
1 -261 689
2 -180 625
3
3
1 4986 846
1 1813 552
3
1 -462 471
2 4417 579
2 4089 586
3
1 8879 134
1 -676 529
2 230 76
2 4888 440
1 9984 483
2 919 158
2 4671 624
3
3
2 277 889
2 3455 887
3
2 4805 42
1 4755 64
3
3
3
3
1 9021 739
1 -531 601
2 -419 396
1 5840 631
3
1 556 728
1 6654 129
2 4802 -98
1 2550 98
1 2260 524
1 9710 759
1 6686 35
2 3175 147
3
3
1 9764 232
1 2657 104
3
1 1626 871
3
3
