341
20 514
47 -288
22 -781
-4 -839
-48 -859
-25 -178
7 -174
25 414
-43 -380
-5 -902
2 -905
-10 991
48 -603
-45 339
48 -20
4 -566
-48 698
-14 -487
45 -420
22 686
-7 -830
-33 612
-26 -685
-33 915
38 -654
-4 641
-41 -445
-36 -167
40 -497
21 -45
33 163
-13 -448
-6 656
-49 722
8 -524
-26 552
2 968
-46 495
18 -911
14 661
12 340
14 -544
-47 -472
15 885
10 770
49 736
19 -717
34 627
44 -724
18 174
20 888
-37 109
30 -408
-11 -398
31 27
-45 711
6 640
-43 291
22 532
-43 -385
16 -976
13 -31
-47 -559
27 -54
38 924
6 -910
-41 -17
-4 972
-17 -501
-9 740
32 581
27 506
-20 498
-17 767
-34 -578
30 -282
-35 965
-13 -662
-27 -301
27 -680
-40 961
-28 777
11 -142
-4 -113
29 -121
12 782
-48 -613
21 -913
27 430
28 -976
19 760
0 38
-33 461
-6 -119
-26 779
47 541
-45 968
44 173
-46 -115
-12 -172
-48 285
28 888
-7 -429
14 -567
-1 319
24 -461
16 -90
-2 575
-38 -325
0 -753
40 739
-12 -382
20 -189
41 96
7 326
18 -140
22 74
16 -329
23 374
15 97
-29 620
-29 -892
26 968
-18 965
-37 -745
45 -222
1 -320
34 340
29 438
18 -92
9 42
-8 81
40 -80
-32 291
-17 576
-45 -38
-4 -971
-24 -9
-46 210
37 -274
50 567
39 -556
-17 -940
9 944
-2 -106
-8 -20
-8 -708
24 -1000
19 588
-18 85
-20 -979
9 -559
-5 872
-14 280
-37 -689
-14 990
9 859
1 174
42 -785
-15 -330
-23 339
-19 349
43 -367
-38 678
-37 363
-47 206
-38 210
50 785
45 -871
-7 -327
-23 658
16 -881
15 806
-18 -712
43 -267
-14 259
-5 301
-26 653
-38 -717
30 673
24 750
-3 435
38 170
-8 259
-13 255
-3 299
-7 708
21 -820
-10 137
47 433
49 867
-37 -45
-10 -712
50 -557
-40 118
-48 -317
17 -47
26 -544
26 716
-9 439
-33 -381
38 -753
1 -905
-5 587
43 880
-25 -894
-42 -605
11 784
40 -306
41 471
49 -484
-21 -666
37 -627
-7 162
21 360
-47 0
32 961
-49 -466
-6 -937
27 -136
-8 532
-15 -991
-19 253
-34 -938
-29 -440
10 -309
44 541
30 410
4 868
15 862
-13 -951
-34 -328
19 171
28 -579
6 138
-41 131
-7 -490
7 -464
47 -456
43 552
-20 -263
43 575
2 -247
-3 117
-4 -276
-16 295
-39 55
21 871
-49 589
-35 663
-9 286
-44 -299
-27 325
-10 -283
-20 298
-13 313
9 594
28 -945
-29 359
-26 861
0 559
-50 -195
14 100
-38 -724
28 -930
39 341
29 -60
41 853
-7 318
-9 585
-16 -803
-46 -693
-34 -818
7 -469
-36 129
20 -517
0 -698
2 -129
30 743
4 735
6 593
-17 693
6 919
-8 -633
33 -412
-1 202
20 -712
43 926
-45 -275
-13 991
-49 -416
-39 377
10 -99
39 598
28 -303
26 811
42 -629
26 769
40 905
11 512
-50 599
21 -537
-13 -373
47 76
38 943
14 418
11 -198
-4 -547
10 -99
33 828
-13 -514
7 335
-16 844
-2 688
-22 511
18 84
26 518
-39 -406
-30 -652
17 716
45 -613
19 -577
47 -240
22 -979
41 165
34 -176
42 205
6 -748
-43 959
36 -417
6 -607
-30 -491
-38 62
39 47
-37 533
-45 -558
-2 310
45 258
16 -862
-19 222
16 -233
3
1 336 19
3
1 5410 258
3
3
2 1182 572
3
2 3281 762
2 2055 319
1 1543 332
3
3
1 5698 148
3
3
1 3814 336
3
1 2043 3
3
1 6535 169
1 1997 143
3
3
2 2422 915
3
2 -639 193
1 7482 320
3
3
2 588 273
1 929 265
3
2 -598 -87
2 23 407
2 3348 154
2 794 291
3
2 244 239
1 8228 50
2 2615 596
3
2 -475 89
1 -198 288
3
2 3424 630
1 531 53
1 -320 259
2 -75 -11
3
1 7392 321
2 3741 589
2 3258 -33
1 172 116
2 1814 -94
3
2 744 997
2 -736 236
3
3
3
2 -453 259
3
2 4748 18
2 1753 -20
1 4126 135
2 4807 233
2 2874 208
3
1 4781 199
3
2 865 851
2 2100 83
2 323 682
3
3
1 6769 158
2 1892 853
3
2 1000 810
1 6931 267
3
2 3425 465
1 2529 132
2 4959 414
2 2279 926
3
1 1317 96
1 1657 257
3
3
1 6672 273
3
3
1 4499 226
3
3
3
1 275 209
2 3873 42
1 1426 159
1 8586 11
3
1 5589 9
2 4927 395
1 2140 31
3
3
3
2 4086 55
3
2 1265 64
1 622 139
1 -731 103
2 2771 -49
3
3
2 380 -36
3
