487
-12 -672
1 470
-13 -199
-41 -782
37 325
-12 -884
-28 -165
49 -885
-14 125
3 -750
40 -30
-16 920
-31 -956
27 697
-11 -767
10 833
12 250
9 -910
-50 699
11 323
-39 400
-44 663
-38 789
23 -57
26 -518
44 -64
27 524
8 724
-2 -600
-21 611
30 -799
20 -420
38 -702
28 851
20 -409
-21 -706
22 535
32 -844
-9 -608
39 -84
31 437
-27 393
-26 160
-14 409
21 -599
18 20
5 -844
-9 902
-14 -224
-31 422
18 515
45 -639
19 99
4 -926
37 -488
31 -181
-3 889
-14 649
-28 274
30 -27
-34 -697
16 344
-37 86
-18 59
-32 903
21 944
-7 818
-30 273
21 -575
-26 -699
-17 -29
-43 -602
49 934
-34 326
50 -495
-33 684
36 34
47 -927
-13 716
-26 -512
11 -861
14 -225
-18 220
1 122
-44 -304
33 713
28 243
28 753
33 -499
39 412
22 -169
7 291
23 -379
-25 438
-42 889
-40 806
1 -781
9 733
7 583
38 731
-3 151
42 -144
35 -219
28 -201
-36 -585
40 315
-24 327
-18 -521
18 612
-3 253
35 -512
37 -423
-32 403
-27 -38
34 -832
49 -256
33 -186
-21 -845
-18 -526
-25 434
22 -615
-21 893
-28 -40
30 482
-11 534
26 -560
46 104
-41 839
31 -828
-1 749
31 -825
-29 -351
49 424
-23 904
25 329
29 67
25 -375
-38 443
20 40
49 145
15 -849
35 657
-2 -454
0 -793
-13 800
49 742
-40 -307
-46 872
-13 -960
-17 837
-4 -275
2 -823
-31 38
-35 -278
32 144
5 -851
29 237
-22 -885
33 778
8 801
7 106
31 -623
46 -408
2 251
7 -297
35 -756
0 -656
-41 -716
39 947
42 -928
5 -160
39 -464
-44 459
24 904
-35 9
6 745
24 -213
10 -809
42 -652
38 -42
35 942
-27 845
-50 -828
-32 847
-8 852
8 799
-29 -67
44 -308
-9 -686
31 130
-30 111
18 -850
21 419
10 532
20 -774
-6 -614
-33 834
9 -817
13 290
45 503
23 466
-42 144
32 -648
14 553
-28 -762
6 30
-42 -677
-43 -183
-44 225
-40 771
-19 347
-7 970
29 -53
33 876
12 -226
-6 -278
15 553
-8 641
19 -799
-37 -16
-42 18
-44 262
-48 -300
12 388
0 -85
-27 -806
-34 -899
-49 1
-36 -637
-28 845
-3 788
-34 871
14 -567
-37 -710
-9 -369
-32 844
-40 315
-19 -443
-7 -483
-12 106
-49 -93
11 -621
-42 -815
30 266
-47 -447
38 -811
-21 22
-13 -127
42 -666
20 586
-11 301
8 905
-44 -392
11 623
27 -802
-14 80
-9 -78
49 211
41 -133
30 350
6 669
31 866
-44 -445
-42 -827
-32 27
4 -362
41 763
13 332
10 626
-47 421
28 857
16 895
-26 -299
16 162
20 611
23 -561
8 -346
29 82
50 -347
-35 -581
31 -601
-9 -109
-11 -302
-12 -522
47 832
48 380
31 94
-16 -280
17 638
24 596
-7 545
20 -84
26 -314
30 -262
16 -681
27 484
-41 682
-48 678
-12 386
30 445
-35 -528
-29 -247
-1 841
3 696
-21 -708
27 -491
-44 87
16 -405
43 289
24 -225
-44 668
40 -101
26 -951
-11 669
47 -757
-24 893
18 369
1 -306
-45 -795
-30 410
-32 -578
9 588
43 223
-23 -420
10 138
-33 350
-24 -307
-17 -73
39 187
-14 739
-29 -753
-39 851
21 860
31 880
20 -286
-50 876
-30 -562
-5 -114
-3 970
24 623
48 -994
6 200
-12 -451
-7 598
14 802
5 -392
-40 116
-13 711
4 601
-12 -592
32 126
50 247
36 881
50 177
-11 -493
-31 36
19 -17
33 870
-9 986
-38 -175
18 -925
39 -911
34 -650
47 85
-28 -621
35 492
33 339
24 703
10 -812
5 516
-38 -532
21 795
-24 -50
-45 20
-50 506
7 157
17 -4
30 548
-50 -547
-24 228
20 930
-38 -399
-5 -827
17 -879
46 799
43 406
-31 -456
7 -898
24 150
-4 -399
8 844
-49 781
-2 209
-6 930
44 951
45 -492
43 32
-21 34
-47 -429
-38 664
-9 -231
46 -521
-34 283
-30 859
-28 86
-21 174
-38 -593
9 -319
-43 540
11 -68
48 417
-16 862
20 513
-44 -916
-13 387
-22 800
-7 -629
24 716
-48 -560
-45 -424
7 901
-4 284
-18 -899
47 721
8 870
-13 568
2 -523
5 -625
-30 -717
13 907
-23 -777
-18 -436
-3 668
46 -489
-10 -54
-27 602
7 -143
41 -763
-25 182
-41 -568
-19 955
-28 942
-45 671
-11 -291
-10 113
-30 -26
-30 707
12 -500
-46 -696
28 959
10 408
11 161
33 -451
35 541
-34 -896
23 591
-37 -191
27 -796
-17 -243
-16 -277
17 544
16 549
15 -643
37 643
-15 689
38 685
31 -64
1 -656
3 773
-46 28
45 -775
21 645
-9 804
23 466
7 941
45 793
36 411
6 40
2 56
29 88
-28 -972
-32 489
-6 965
32 970
-17 350
8 916
-6 -697
2 -17 269
1 5593 106
3
1 9784 189
1 2016 373
3
3
3
3
3
3
3
3
2 -981 693
3
3
1 1056 162
2 2538 608
3
2 4963 941
2 1496 254
2 -615 494
3
3
3
2 99 754
2 4302 671
3
3
2 1572 206
2 2766 28
3
2 318 460
3
3
1 4961 417
2 834 534
2 300 549
2 442 956
3
1 5640 30
2 4411 914
1 1811 421
3
3
1 3747 347
1 9989 452
3
2 1253 782
1 2091 436
1 2357 331
2 3882 101
1 3328 296
2 -569 476
3
3
2 204 389
2 3567 759
3
1 5691 68
2 3699 480
1 718 130
1 2807 184
2 4475 966
1 7469 476
1 8037 255
2 424 551
1 4673 320
2 4728 117
3
2 2 413
2 4431 966
3
1 7770 483
2 3273 231
1 9345 404
2 2304 659
3
3
1 6695 448
2 -68 510
3
2 1645 362
1 8355 344
2 155 770
3
2 3374 -39
3
1 1031 67
3
2 4349 -16
2 2527 188
3
2 4953 394
2 2206 929
2 2454 399
2 4819 35
2 171 273
2 2716 590
1 3620 165
1 6017 348
3
3
3
2 -962 843
3
1 7830 6
3
2 4339 542
3
3
1 251 117
3
1 4638 113
3
2 1995 -81
3
3
3
3
2 3166 60
2 3851 469
3
2 2171 638
1 2236 301
3
1 8617 464
1 3430 111
1 3671 409
3
2 600 721
3
1 1262 189
2 1345 580
3
1 9604 199
3
2 1479 100
1 4989 12
3
3
2 4554 797
3
2 -642 354
3
1 7867 11
3
3
2 229 878
3
1 -232 133
1 160 61
3
2 2446 680
3
1 9933 71
2 966 97
2 1471 400
3
3
3
3
2 3577 453
1 2082 376
1 5246 452
1 8759 320
1 9819 205
1 -191 307
2 -259 499
2 1839 57
2 4826 443
3
1 6475 64
3
1 3115 219
2 4532 822
2 -518 845
3
1 835 219
3
1 8803 97
2 2290 717
3
1 973 89
1 4069 171
1 1525 350
1 5243 427
2 -913 950
2 692 -80
1 3652 472
2 2034 524
1 8969 87
2 2785 504
3
3
1 5814 274
1 4616 262
3
3
3
2 2834 626
3
1 7642 166
3
1 7739 236
1 1034 88
2 540 721
2 2036 513
2 2480 802
3
1 5955 85
3
3
3
3
3
2 3254 882
3
2 3187 268
1 9104 233
1 6259 158
2 -808 507
3
1 3485 288
1 3893 233
1 5896 421
2 4742 707
2 3782 663
3
3
3
1 5811 307
1 5062 175
3
3
1 5448 460
2 3638 898
2 4968 294
2 3982 800
1 7178 416
1 1499 68
2 2756 235
3
3
1 4350 187
2 3583 317
3
3
1 9825 135
3
3
1 2444 150
3
2 785 343
1 8515 116
1 1956 128
3
2 2729 360
1 627 11
1 648 377
2 3542 914
3
2 -352 651
2 1597 573
1 8065 401
1 8801 213
2 -582 372
3
2 3854 405
1 -677 391
2 956 79
3
3
2 -929 817
1 8137 304
3
1 -519 176
1 470 224
3
3
3
2 2404 427
3
1 366 233
1 8074 284
3
2 1842 286
2 3221 275
1 2074 80
1 3788 99
1 6226 221
3
1 5574 117
2 597 288
1 1136 65
2 3788 764
1 7397 395
1 9036 2
1 3829 412
2 3766 458
2 3008 136
2 3346 928
2 -851 948
3
3
2 370 4
3
3
3
1 8050 244
1 3590 267
3
2 2840 194
3
1 6486 296
1 6755 378
3
1 9016 318
1 7781 209
3
3
1 9028 56
2 -113 714
3
3
1 8832 383
1 -599 2
1 -343 28
2 3796 911
3
2 3356 -75
3
2 1522 588
3
1 4113 143
2 2964 728
2 3535 717
3
3
2 1796 -10
3
3
1 3064 142
3
3
1 5961 169
3
2 4057 493
2 1492 523
2 1976 -16
1 3800 475
3
2 2619 599
3
1 5817 15
2 735 -56
3
1 -886 100
3
3
1 9905 413
2 3727 836
1 940 314
3
1 5082 111
2 4203 377
2 614 533
2 1294 191
3
3
3
2 382 98
3
1 2802 397
3
3
1 4301 169
