454
42 -17
14 637
10 -629
18 -340
-15 -133
26 -317
3 499
-32 290
-48 -174
45 -221
2 -74
21 401
-43 888
-37 884
-13 273
0 -518
-2 465
-37 666
-38 265
-16 590
22 -514
-1 -785
-10 563
10 -821
-27 -169
-11 -167
29 956
-37 -660
20 668
28 946
41 -549
-10 -910
30 -915
23 -826
25 -933
40 -247
-4 -403
-4 983
22 -932
37 -677
38 814
-47 -137
-35 -364
-2 604
-39 -353
20 -458
-29 -214
-35 -289
-38 311
21 258
-30 -422
-6 424
-47 123
20 -698
43 -788
-43 306
-42 562
29 -317
-29 -787
-4 9
44 -522
18 461
-32 -908
48 319
-25 -165
-10 -895
14 -636
-49 404
-37 453
37 -244
-50 854
4 -936
-16 -761
-12 198
23 658
-4 622
5 416
21 46
42 251
37 -315
45 172
-24 -54
14 -972
-12 -212
-36 -53
-5 60
-41 -651
-33 724
15 225
33 -222
-35 -157
30 354
-9 -488
5 -335
31 -836
11 -960
-5 -939
-15 945
-10 -245
-24 -279
-5 -470
-22 -810
-38 70
-25 585
-43 -476
18 387
44 104
-19 58
46 -157
20 -531
-21 -657
10 -612
39 -186
20 425
-26 928
-27 617
-39 -753
-43 -994
14 -746
-21 -84
42 360
-20 -653
6 -154
-8 846
-12 679
-35 -441
-11 -248
-21 -443
-9 810
-24 -901
13 -604
-21 717
-35 -490
28 -199
16 -360
-21 -110
2 796
24 -348
46 -735
19 163
20 -39
-41 224
27 -729
-35 546
16 -538
-44 289
-24 774
32 -837
21 -54
48 425
-49 -47
4 -815
-42 -71
42 56
13 -73
-6 677
-36 -217
44 -205
11 -226
36 492
14 666
-48 -523
14 -113
-44 -350
-43 -674
32 -161
26 -680
9 56
40 -138
5 -904
32 894
-32 -226
-11 165
-48 965
-42 754
-36 259
-47 194
-22 -664
-4 615
45 701
20 -641
-14 2
47 -991
-30 628
-19 755
21 -964
36 -522
8 0
-31 865
-22 990
-14 468
-2 85
-22 107
35 -946
44 -217
37 569
-3 855
-36 -542
-32 -947
-14 642
-33 -677
-29 769
-23 -214
-9 156
35 743
-21 313
-15 -38
-47 -92
-6 767
3 -464
45 192
-44 603
36 -430
-42 824
-10 955
-3 -89
10 -876
14 -152
-43 -188
30 -240
40 367
-41 -83
35 -141
17 475
-36 -456
4 -312
-34 -620
16 -420
-26 970
28 -576
-10 -371
-6 -229
-20 -213
-48 -468
33 -979
21 -306
-45 311
-46 788
-26 -107
-2 -711
15 -738
39 -194
-47 576
-43 -134
-41 326
-22 815
34 -371
-14 -942
-48 536
-32 -120
4 227
13 -48
26 -859
-2 848
-47 -88
-43 454
25 219
16 880
0 408
-17 -328
10 62
-23 -37
7 330
7 -345
-50 123
33 -910
-3 -329
-45 -113
44 789
-41 -3
48 593
43 834
45 -213
-26 -193
-10 -256
48 484
-13 77
-46 994
28 -946
-28 923
2 880
-47 129
-35 569
-22 -498
-37 541
41 560
3 411
45 989
26 -381
26 -798
35 302
-25 441
29 181
-11 209
-1 92
-34 -490
1 -465
46 -915
-31 290
48 811
-48 -259
-11 131
47 283
30 345
-6 -217
-48 144
2 753
5 267
41 -800
-47 -702
50 91
-11 -81
-3 -262
-31 423
10 -624
7 744
-12 348
-39 -76
-49 547
11 72
-43 795
-46 -34
45 329
-7 447
49 -242
13 -91
1 409
-32 -48
-38 -137
48 601
22 -385
26 -380
48 932
-20 -860
-17 809
-48 823
45 -633
-19 -610
-12 -843
17 -447
-16 833
42 773
22 250
-48 648
22 -317
-38 -649
-36 -311
-41 478
-39 874
35 -713
13 419
48 -553
-21 -626
21 484
27 -929
37 -298
34 329
8 976
-20 -964
13 -122
2 -538
0 409
37 -529
43 346
-49 -62
-46 891
-35 450
22 375
13 145
-30 -590
-36 -875
43 150
2 597
-11 891
7 -633
-16 916
20 -124
12 -386
42 -276
41 274
16 -149
30 933
32 -805
-43 -422
50 -149
-2 -945
-49 955
30 -820
-49 582
-23 975
1 733
-22 -538
37 886
23 619
20 -155
-24 -923
-29 -291
-33 64
20 -892
-46 69
24 -359
-37 467
25 -136
-25 22
14 -373
28 -572
38 381
-36 -30
36 174
-38 755
35 -17
43 232
9 154
-45 588
-13 -1000
22 -535
17 -958
-41 -152
-43 177
-36 -68
-14 65
44 204
22 207
-28 737
47 -546
24 -691
15 -176
-29 -784
-11 240
-4 885
43 -437
-41 945
-1 -172
35 169
3 -326
31 332
-35 976
-13 803
6 -919
43 322
10 -429
33 111
0 42
-3 588
31 -328
-40 444
46 -355
-21 895
26 -570
-22 -900
47 -497
37 -435
-50 755
-27 -484
2 4677 855
3
1 4671 291
2 1135 265
2 -642 -9
1 7394 120
1 2579 65
3
1 9266 36
2 3037 403
2 2047 607
2 -115 620
2 1020 474
3
3
1 1848 25
3
2 2995 688
3
3
1 -92 425
3
2 4837 351
3
2 -616 55
1 572 313
2 -249 7
3
1 7137 378
1 5975 447
3
3
1 4287 119
2 -900 514
2 -154 734
3
2 -879 602
3
2 2211 510
2 -352 784
2 1309 91
2 3189 -79
3
2 1888 995
3
2 2576 516
1 4663 209
1 4595 82
1 -28 236
3
2 3077 346
1 3608 220
2 2352 496
2 -668 410
3
2 965 584
3
1 6529 435
2 1388 844
3
3
3
1 -846 435
3
1 5667 139
1 2560 318
1 9165 319
3
1 7126 298
2 2230 990
1 -132 299
1 477 20
2 4058 296
1 8945 233
1 5836 221
1 520 357
1 737 258
2 2201 910
2 4555 920
1 8218 431
3
2 3201 114
3
1 9787 156
2 2017 25
3
1 7055 360
2 3402 801
2 3992 -73
3
2 -46 881
2 3514 940
2 3426 153
2 4830 147
1 235 204
1 4719 274
1 7870 282
1 4797 412
3
2 4463 599
2 -496 196
1 9911 227
2 2940 250
3
2 -177 38
2 654 572
2 2888 678
3
2 2127 839
2 -862 976
2 1199 369
3
2 387 885
1 8226 264
1 5802 219
1 7057 204
2 1892 885
3
1 -399 379
3
3
3
2 -392 847
3
3
3
1 4895 286
3
3
3
2 3570 756
3
1 4303 396
2 -128 688
3
3
3
1 8430 233
3
1 9220 117
3
3
2 1502 893
3
2 4157 431
3
3
1 7660 446
2 3427 883
1 4240 243
2 4888 155
2 -809 680
1 4285 425
3
1 6933 208
2 2105 568
2 212 812
2 -952 233
3
1 7103 400
2 -627 -18
2 2939 -55
2 3895 524
3
1 6466 420
3
3
1 765 109
2 1579 381
2 1865 261
3
2 1265 586
1 5084 225
1 6576 125
3
1 5868 212
3
2 -711 379
2 1569 522
3
2 2164 885
1 6615 392
3
1 5720 396
2 -350 939
3
1 4515 417
2 3806 0
3
2 3486 396
3
3
3
3
2 1041 296
1 6490 76
3
2 -404 897
1 5341 72
3
3
1 3005 263
3
3
3
2 2875 958
2 1374 711
1 5862 57
3
2 4110 -84
2 3940 691
1 8185 417
2 810 -23
2 -921 514
1 5228 216
3
3
1 4588 149
3
1 6593 138
1 8100 226
1 9059 268
3
2 765 376
1 8025 31
2 4098 843
3
3
1 705 197
3
1 1665 428
2 4328 342
2 -562 807
3
1 7591 108
1 6164 384
3
3
2 4468 464
3
1 5246 171
2 3181 138
1 1688 179
3
2 467 732
3
2 -775 336
3
3
3
3
3
3
3
3
1 9229 451
1 694 416
3
3
2 4146 727
2 3598 244
1 7927 452
3
3
1 5091 249
1 4486 183
1 7655 324
3
1 2264 55
1 3813 128
1 2084 214
3
2 3422 925
2 3705 414
3
3
1 -550 139
1 7986 124
1 1536 104
1 -991 337
1 -665 125
2 4757 502
3
3
2 1007 303
2 2272 945
1 -242 384
2 4834 348
3
2 746 973
1 8703 236
3
1 438 86
1 3503 13
2 1056 -78
3
2 1385 579
3
1 9342 445
1 8592 442
1 2759 60
3
1 5694 389
1 4856 126
3
1 2235 334
3
2 3365 -46
2 1373 967
1 86 431
3
2 2020 -90
1 1990 61
2 704 790
2 4691 324
3
2 -387 364
3
3
1 7250 159
1 7801 41
2 3373 710
3
3
2 1951 401
2 1122 953
1 7062 406
2 -941 137
2 1454 682
2 1689 755
1 5102 268
3
2 -696 395
3
1 8238 140
3
1 3168 53
2 4528 124
2 -997 828
3
3
2 -755 943
2 3785 945
2 3773 341
1 488 110
3
1 713 297
1 -171 291
1 1763 284
1 5457 38
1 2930 36
2 3901 717
1 7459 356
3
3
3
2 2662 158
2 4380 599
2 1338 986
3
1 1860 436
3
2 4681 383
3
1 8052 355
3
2 3960 825
1 4171 90
3
3
1 3482 356
3
2 4369 230
1 3120 442
1 5106 230
3
1 -359 273
3
1 5761 439
3
3
2 2427 456
1 2580 205
3
3
2 2538 -96
2 4662 258
1 2130 202
3
3
1 7903 262
1 4974 24
3
2 3816 914
3
2 2404 188
1 8510 196
1 3070 184
2 1896 -60
3
2 1858 732
3
2 3050 948
3
1 2468 410
2 560 793
1 408 129
3
3
1 5288 211
3
3
3
1 1252 121
3
3
1 5167 59
3
3
1 4158 415
3
2 4492 389
1 205 355
2 1334 545
3
1 1446 185
3
2 787 484
3
1 8266 38
2 3749 764
1 8231 70
3
3
3
1 3409 138
3
3
3
2 -402 344
3
2 1393 991
2 3220 -86
3
1 1491 319
3
2 -182 -31
3
1 5494 412
3
2 2709 -71
2 -847 48
2 1876 987
2 2344 166
3
3
2 2267 -72
1 1966 446
1 8781 18
1 3625 451
1 943 51
2 262 995
2 942 986
2 4756 793
1 -583 250
3
3
2 3328 19
1 9434 7
3
1 7477 368
3
3
3
3
2 2083 100
2 244 553
2 513 580
3
3
3
3
1 5673 21
2 1086 682
2 2057 -99
1 4404 88
3
1 1610 213
1 2393 86
3
3
1 5154 250
3
3
2 661 522
3
1 7094 201
2 4486 115
1 2570 347
2 934 650
2 -232 377
1 7811 274
2 2772 187
3
1 1618 267
2 2377 488
1 4807 407
3
1 -776 389
1 2429 420
2 1868 -97
3
3
2 4612 882
1 6394 159
2 4744 -28
2 1126 940
1 6597 18
1 5633 415
2 1469 -78
3
1 8507 418
2 2239 633
1 2096 240
1 592 35
3
2 4838 313
1 7575 344
3
1 6339 362
1 9387 304
2 1652 610
3
3
3
3
1 2048 321
2 3530 193
1 6242 340
3
3
1 8715 253
2 62 181
2 3465 957
3
2 2790 896
1 656 314
2 -439 563
3
1 -587 195
3
2 969 197
3
2 1960 70
3
2 3561 958
2 2895 35
3
2 3217 451
3
2 348 -83
2 4000 344
3
1 2294 5
1 8907 112
1 2045 269
2 -363 649
3
3
2 559 141
3
1 6879 18
2 920 150
3
3
3
3
2 4445 -90
2 2024 -4
3
3
1 8489 118
2 4354 101
2 -973 541
2 -878 530
1 3186 378
1 7726 272
3
1 2062 254
1 1776 135
1 9782 120
1 -83 317
3
1 8565 2
3
1 4402 251
3
1 155 275
2 578 376
1 -773 424
2 3046 461
1 2182 25
1 1313 235
2 3960 -9
2 2420 33
3
2 -892 162
3
3
3
3
3
1 1392 452
2 2134 83
1 3281 337
2 2493 723
2 2602 -81
1 1923 125
3
1 4670 104
3
2 -618 370
3
1 9888 203
1 1576 46
3
1 2465 404
3
3
2 1837 320
3
2 2237 706
2 3205 282
1 3419 198
1 1465 164
3
1 4249 438
1 4052 34
2 1438 979
1 3319 97
1 8484 304
1 2008 89
1 -573 312
1 9713 123
1 9439 395
2 335 918
3
3
3
3
2 346 695
1 1159 28
3
3
3
3
1 1397 85
2 -93 305
2 3225 101
1 4893 306
2 1862 898
2 1815 560
3
2 970 187
3
3
1 9576 175
2 4355 789
3
1 -958 17
1 9140 286
2 1462 377
1 9069 361
2 1270 138
2 4080 -20
1 -750 147
2 -634 152
3
1 8563 361
1 7824 87
1 8263 213
2 1684 159
3
2 2410 608
3
2 -827 614
3
1 6813 142
2 4717 708
1 6592 248
2 269 25
1 7796 0
1 1980 77
2 485 881
3
3
2 1208 562
1 38 408
1 4116 397
1 -860 43
3
1 5162 445
3
3
3
2 211 293
1 8690 371
2 200 370
2 759 519
1 5194 28
3
3
2 1674 955
1 4073 206
3
1 3082 75
2 2664 359
3
2 2600 895
1 2944 281
1 4975 381
2 3708 126
2 629 63
2 4561 460
1 -694 332
3
2 -92 685
3
3
1 5763 371
3
1 5080 302
3
2 2349 -12
3
2 4100 723
3
3
2 -884 913
1 8323 45
1 4215 113
2 3200 869
3
2 2625 871
3
2 3842 -99
3
1 1663 288
3
1 2147 231
3
3
3
2 3483 229
1 4501 57
1 1244 341
2 402 630
3
1 9745 442
2 3274 7
2 3146 376
1 3496 424
3
3
1 8072 30
2 3967 390
1 8345 128
3
2 1883 926
3
1 5627 66
2 4559 536
3
2 359 707
1 7842 24
1 591 411
1 2658 236
2 256 485
2 317 814
1 8726 199
2 2514 65
2 4965 50
3
2 3858 413
1 1078 279
2 4700 821
1 5555 280
3
3
1 5519 380
3
2 3305 931
2 1653 -74
1 1117 169
2 3976 660
1 9466 336
3
3
1 618 35
1 3486 289
2 922 821
3
3
3
3
2 2392 43
3
2 4340 610
2 -392 238
3
3
3
1 2063 342
3
1 3064 164
3
3
2 2398 415
2 -546 686
3
1 2959 421
3
3
1 968 218
2 -172 391
3
2 2227 595
3
1 6445 315
1 6117 60
3
1 7361 161
1 3139 384
3
3
2 4829 15
2 4538 246
2 4284 162
1 6814 265
3
2 1284 675
1 4795 451
3
3
1 7511 274
2 1221 461
3
1 8273 123
3
2 3655 -18
1 9064 231
2 -86 380
1 2646 23
1 3990 151
1 461 211
3
2 959 391
2 718 657
2 4134 999
3
2 1440 173
3
1 9788 297
2 748 976
1 -102 380
1 3321 365
1 345 110
1 9378 433
1 8416 294
1 -806 373
1 4189 156
2 3428 75
2 111 576
1 3146 440
3
1 -253 149
2 -866 76
3
3
1 4771 183
1 8499 353
3
3
3
3
3
1 -624 216
3
1 2901 391
2 3625 762
2 1051 759
1 8614 73
2 4927 23
1 3729 260
1 5283 35
2 2613 230
2 -550 85
1 7256 117
2 -472 822
2 4157 668
3
2 76 373
1 5158 425
1 9072 272
2 2829 732
3
2 1768 780
1 6521 262
2 3780 597
1 860 9
2 -185 871
1 7519 57
2 -210 313
1 9239 144
3
2 3837 962
1 8676 28
1 8869 33
2 4274 327
3
2 1800 166
2 2173 -42
2 3822 242
3
2 3140 302
3
1 7653 375
3
1 7015 326
1 1040 443
3
3
1 9752 112
3
1 821 401
2 -548 926
3
3
2 4377 731
3
3
2 2253 -4
2 -354 41
3
1 5658 72
1 8510 416
3
2 2329 783
3
2 -542 -33
3
3
3
3
2 3617 558
1 9503 59
2 2497 166
1 160 154
1 8061 377
1 2097 411
1 1967 206
3
3
3
1 6332 442
1 -404 359
3
2 2175 270
2 112 786
3
2 4572 25
1 6630 316
1 7662 227
1 5662 328
2 -509 105
3
1 5380 83
1 9630 93
1 2737 190
3
1 5432 425
3
1 6232 91
1 750 56
1 7539 213
2 270 210
2 3532 582
1 6291 335
3
1 6893 170
1 6898 387
1 1803 223
1 7007 336
3
3
3
3
1 2803 140
1 6096 420
