897
30 972
-37 502
3 98
23 -118
31 -845
-49 -25
19 -144
-42 -966
-45 -427
41 916
-31 841
-1 178
18 -897
3 442
-50 -148
-14 18
-15 826
-44 -664
30 914
-5 -285
-31 -40
-39 804
16 -171
43 -415
-12 242
33 719
-24 -737
40 -883
41 -493
-46 423
50 -400
29 631
-30 -453
-38 -631
-12 175
-31 -400
-49 225
-15 -492
-19 751
-48 -343
-6 124
-10 -982
12 424
-45 44
-1 722
-42 -205
34 360
3 -242
-1 -35
31 -449
4 521
46 -703
-19 383
-18 -866
-14 -592
-4 -577
-12 -384
-19 -158
31 508
32 52
-4 -15
-48 -910
-47 -53
-18 281
-33 675
-28 299
44 -3
-40 789
3 -168
47 -435
-3 -573
-50 304
14 -587
-21 432
20 521
-28 761
24 -631
1 324
16 -276
-10 842
44 901
38 -55
5 -930
-45 -955
-3 716
-27 -375
7 -380
-4 662
-23 -604
-43 138
43 79
10 188
4 792
-23 -939
29 -783
-11 -409
40 491
37 -294
-18 -71
-33 -46
-24 960
-48 -649
32 552
-22 -494
29 139
-35 -125
-12 204
17 648
44 -310
-28 382
-28 140
46 -846
-40 763
36 534
-17 585
1 318
-35 -276
-30 765
18 65
-26 -417
-36 258
-15 -725
-34 33
-19 566
34 -144
11 412
3 -449
37 -160
4 428
2 55
-3 -111
-17 -389
-38 287
-23 277
-11 -243
-44 54
48 -126
-50 -209
50 -427
27 979
45 214
-28 -53
4 -572
-5 57
-15 151
-41 -509
6 143
-28 -811
-49 -700
31 -624
24 -565
-26 715
-46 -640
-40 933
-13 -149
-6 -807
-20 813
1 -775
10 -786
3 -872
-13 -288
12 -787
17 -259
-32 -559
-10 -576
48 212
-32 247
21 635
17 284
22 -866
-19 -651
-13 -992
-21 638
-25 588
33 -526
-42 123
-32 637
-43 -18
-18 -276
-1 414
-50 413
-18 978
-2 -758
14 -241
26 -916
-12 -3
-10 100
-36 139
40 215
-24 404
32 -690
1 -456
34 36
35 657
-5 157
-2 -634
26 -970
-18 -264
20 133
13 -812
47 -398
11 -489
-50 867
49 144
12 -488
-30 426
-38 541
0 -873
-44 424
-6 716
-38 1000
-8 -799
24 752
-24 -322
-13 744
-36 -368
0 213
-45 -786
32 219
41 969
8 -967
4 -119
27 949
-10 643
44 703
-40 -269
-13 -404
-10 -881
-29 -951
35 -456
-40 691
-48 67
42 588
-30 -487
-22 -234
35 -825
-10 621
27 280
5 808
14 -888
17 -218
-36 912
26 -917
32 -336
-24 -985
-49 136
3 -102
-28 -498
6 -783
45 127
17 -498
21 -613
-12 129
32 -524
34 -171
14 -80
-11 410
-5 -929
27 -617
-14 246
39 -31
31 361
3 877
23 -734
49 337
-17 -854
32 -14
10 -397
-27 -570
18 -628
-9 -364
10 86
-49 -92
28 500
-16 199
39 226
-15 543
-39 -342
-38 -111
5 766
39 769
-18 50
-22 -14
-38 281
25 767
-22 954
4 -504
-8 164
33 495
44 167
-39 -477
7 975
1 -870
-32 699
-28 182
25 -848
-7 -705
-20 -685
13 -81
49 -41
-40 -379
-41 -819
25 -542
-41 135
14 -618
-9 343
35 272
-17 193
-41 -504
-13 -686
-29 629
-11 245
16 954
-19 -946
-7 -54
24 541
42 259
47 -162
33 359
-23 -148
38 -44
-1 -499
2 415
-46 -827
11 -732
-34 812
46 -224
-15 153
-26 -889
37 -131
-15 365
-39 -247
-49 300
-32 10
41 -15
-15 -465
46 -406
-43 -259
14 -372
33 -741
-19 -549
35 693
-1 -875
32 308
19 412
-11 117
-22 -920
-24 716
-33 -804
-45 -863
-26 -598
-1 -96
43 644
48 935
-40 684
30 -41
-31 -521
8 712
39 -884
8 14
48 6
23 766
-44 289
48 802
-18 905
26 -437
19 924
21 925
-47 7
-11 -181
-35 795
-9 857
49 -805
1 330
-11 417
-47 -740
-17 -675
-48 -193
-14 -33
-49 -3
46 -219
22 484
45 922
-31 -192
-28 835
31 232
25 386
-29 14
35 106
-20 500
-14 12
-39 -586
-24 -476
0 117
41 699
15 -830
35 -38
12 -839
24 54
-16 594
-19 -252
22 851
46 791
-50 -119
-47 496
24 -671
26 836
47 59
4 -432
43 -681
21 166
-24 -741
-5 582
30 728
-3 740
29 285
-13 -37
-3 -393
-19 -91
-10 246
50 12
-14 -317
48 598
-35 879
-34 324
-9 661
-23 -576
21 -293
-7 970
43 685
35 -783
5 385
-48 654
12 53
40 -374
-12 -469
-20 920
25 -799
47 -146
15 926
50 -907
23 -811
-44 -652
30 452
35 941
-45 623
28 887
-3 -992
-29 357
15 187
3 -913
43 -691
24 723
27 -428
-6 968
2 269
33 418
-27 718
20 -645
13 553
50 -355
-38 -480
37 23
19 633
-24 17
9 611
45 -917
43 -861
19 346
-24 305
-48 -753
10 -412
-9 479
3 -936
-23 -645
-25 744
-30 606
-1 -769
1 -3
33 6
-26 -751
-45 -642
43 437
41 -100
-49 -24
23 -572
16 -695
-16 208
34 82
24 -653
-23 905
-34 -265
12 -566
-22 -439
-14 -378
-32 -889
44 -614
33 -52
35 -259
-48 462
-14 -682
28 412
45 -493
-37 882
-4 -793
-8 -993
25 -222
26 880
26 199
3 -722
-18 277
-35 549
-42 356
15 946
30 -88
42 -588
-15 -316
1 -516
25 550
12 523
-17 -613
-40 -439
0 -244
33 610
47 785
-36 175
-27 322
-17 -244
47 649
9 777
37 -585
-18 -442
29 826
-21 -559
-34 950
46 183
5 -635
-33 -831
3 472
7 503
18 -343
-43 458
-22 380
24 824
-44 550
36 -538
4 -359
-24 972
29 -164
43 -611
-7 -28
41 463
8 -768
-12 -307
49 878
-29 425
-31 747
28 -101
12 100
-44 805
30 -611
47 594
-27 -686
-37 283
41 -431
-31 -743
-25 499
-19 1
11 111
4 -489
2 -881
-39 -922
-31 -837
-9 40
-20 645
1 763
38 -136
32 -810
29 -745
-30 -76
24 699
-7 169
-31 379
29 -741
-43 177
-37 498
3 -717
44 -188
33 954
-26 -520
-26 912
-18 397
-20 -274
-1 -150
32 -818
-37 -168
26 -844
-6 140
-49 -955
4 -678
42 -536
28 117
40 820
-3 -156
-19 -322
-17 -743
20 -451
0 776
46 -757
30 873
10 722
-26 -411
-39 -624
-39 33
38 -882
28 -203
21 -438
-21 894
23 -280
21 497
38 273
-34 -492
-36 -292
43 688
-46 -451
-46 -876
-47 803
50 -632
22 -522
29 612
-23 652
13 -14
-22 -274
-25 111
-34 -496
-15 809
-44 914
34 -844
-49 461
16 24
-48 -81
27 -912
-37 891
-15 -651
46 324
-41 -920
15 -754
6 642
43 -407
41 996
-27 367
42 -353
17 -796
-46 -24
-24 83
-19 -13
-5 35
-23 -41
35 -417
6 526
-32 -801
-22 -175
-4 28
47 556
-24 -214
37 -667
-38 482
25 264
-25 -428
49 -3
-27 -697
21 -188
-17 956
-45 702
-40 438
-42 -688
-6 -390
14 -139
0 773
-47 -119
29 218
-1 61
21 625
-26 211
18 952
7 925
-25 679
43 -711
30 71
-43 139
-18 652
40 22
4 12
-35 -582
-39 395
48 178
7 855
-4 653
4 -925
-36 399
27 316
41 -207
-5 357
16 541
48 -179
-35 276
36 -634
46 -142
-14 -366
-31 -857
-47 70
44 713
35 -471
41 660
28 206
-2 -2
-36 -169
47 952
-47 665
40 -937
5 471
-42 136
9 -306
18 243
-39 786
1 889
-13 -259
42 303
12 877
-23 991
37 43
-28 259
-24 958
-38 135
37 -49
49 491
13 -371
11 736
8 562
-16 897
-27 -417
-49 782
48 730
-17 -763
46 -316
15 -761
-4 -547
-2 367
-49 849
-28 -575
-43 -626
40 787
-1 809
39 -184
27 44
-43 254
27 203
48 248
13 938
-38 48
-15 580
-4 322
19 -967
47 798
-30 -192
-14 -701
12 916
44 943
-7 390
-3 -114
23 -220
-14 413
-28 897
38 986
19 610
39 734
28 161
41 954
-43 625
28 -388
23 889
17 -19
-13 583
46 836
31 -949
-6 -825
30 687
37 -948
-10 131
-50 160
-15 251
-17 846
35 -191
-6 662
9 -249
39 -422
-34 998
12 -810
12 994
35 249
23 -542
10 -349
32 445
4 556
-29 693
36 -762
-20 -638
35 -83
-31 -185
4 224
-49 608
18 -669
-7 -15
43 -898
-16 -715
-19 915
21 -217
35 -324
47 -624
35 777
16 463
42 -560
11 158
-29 -340
-13 996
-32 -182
-29 -645
34 -321
19 -670
-5 587
-43 112
36 -723
-11 -773
48 19
-22 396
-15 -839
9 115
39 -27
-48 62
28 599
-4 729
12 -752
-21 847
-18 -128
-7 684
7 487
-29 -734
39 144
33 -512
-25 581
4 952
1 526
46 -262
-27 -562
22 -143
-23 225
6 -111
-42 -625
-50 928
-40 -593
22 -433
-31 818
-24 713
-50 675
5 606
33 900
32 -913
37 -807
-50 -7
25 -545
-33 821
-17 -234
42 963
-2 -893
28 575
-11 131
34 -883
22 555
-11 456
-10 635
-34 521
-20 221
9 -81
42 -56
-28 -826
21 469
-43 901
36 751
7 -256
-30 -294
11 827
45 -31
-31 150
-15 313
-33 986
-40 -190
10 383
2 215 46
1 5471 711
1 5669 470
2 -868 509
1 -62 471
1 1751 285
2 -597 835
3
3
1 7307 220
1 2327 470
1 9816 826
3
2 1038 866
1 3500 2
2 2842 777
3
2 3961 68
1 9391 342
2 3536 860
1 4846 398
2 1234 218
3
1 5179 390
3
1 -995 198
2 3196 166
1 5448 24
3
1 9894 535
3
1 9198 276
2 579 -53
3
1 9330 297
2 -774 343
3
1 781 862
3
2 4415 0
2 1329 738
3
1 3171 223
1 3448 84
3
3
1 8215 255
1 5970 539
1 1165 704
1 3425 755
3
2 2416 969
3
3
3
1 111 450
3
1 136 248
1 -387 36
1 2344 404
1 1633 375
1 8337 477
2 775 610
3
1 -688 758
3
3
3
3
2 2479 527
2 154 346
1 7332 623
3
2 1229 556
1 8288 870
1 4333 230
2 109 32
3
1 6967 300
3
3
3
2 -872 549
3
3
2 -69 56
3
2 -861 708
2 -883 633
3
2 3045 297
2 2292 340
2 -223 485
1 3758 562
2 585 349
2 4549 556
2 2908 61
1 6014 357
1 -429 412
2 1171 -37
2 4124 -73
1 8457 206
1 3336 817
1 1775 226
1 232 772
1 5897 60
2 3708 -17
3
2 2491 105
1 2230 780
1 2779 654
2 182 292
2 425 790
1 7002 259
1 -760 676
2 3811 549
2 558 810
1 2515 143
1 3785 742
3
3
2 3785 691
3
3
1 5259 632
1 1829 363
3
3
1 7797 892
2 223 27
1 1977 85
3
3
1 8300 81
3
3
3
3
1 2782 804
3
3
1 786 410
2 3820 -88
2 1543 89
1 7567 350
1 5722 816
3
3
1 104 380
3
2 -67 385
2 1626 440
3
2 2911 655
2 1250 915
2 432 256
1 211 860
1 5113 806
3
1 5547 82
2 1943 716
3
2 3483 327
3
3
1 7402 321
1 116 120
1 384 562
1 4252 856
2 -902 48
3
1 4448 333
2 2774 98
3
3
2 406 193
2 675 478
1 390 326
1 8447 894
2 -287 735
3
1 3161 303
1 9993 141
1 4598 453
3
1 5445 16
2 1012 992
1 1967 276
2 2097 362
2 -641 238
2 599 292
2 4845 197
3
2 1479 440
3
1 9093 704
1 6917 458
1 1882 36
2 4995 211
2 -242 907
1 3472 783
2 4419 -37
2 -130 819
2 2613 227
1 3045 22
1 1617 167
3
2 1299 317
3
2 -563 -69
3
1 2692 644
1 5287 291
1 9544 312
1 635 667
2 -287 896
1 5068 790
2 4986 430
1 385 641
3
1 5276 772
2 4503 223
3
2 1865 513
3
2 2620 865
2 2493 509
1 1107 375
1 -227 490
3
3
3
3
1 1074 586
1 3521 302
2 4750 206
1 5524 24
3
1 3954 204
3
3
3
1 -703 645
2 2514 649
2 4879 -72
2 1887 933
1 9016 322
3
1 2865 893
1 3305 378
1 1801 252
2 4846 205
1 5226 641
2 3852 245
1 309 788
2 -831 406
1 5874 102
2 882 548
2 2135 134
3
2 4433 372
1 1941 183
1 -525 460
2 3167 43
3
2 -828 956
1 2709 715
2 2594 363
2 2538 193
2 3811 997
1 7020 479
2 3314 350
1 7402 520
1 8418 362
1 34 727
3
1 3348 198
1 5538 424
1 6016 430
1 7145 188
2 2908 649
2 2806 503
1 689 228
2 3909 983
3
2 -40 325
2 3351 561
2 3211 769
2 4152 382
2 3789 324
1 6722 409
3
1 4206 754
3
1 2112 180
3
2 2619 827
2 2902 249
3
3
2 -290 471
3
3
3
3
3
2 1785 976
2 3082 105
1 292 427
2 842 708
3
3
2 2617 159
1 6709 37
1 1034 74
2 1715 162
1 4263 732
3
3
1 921 345
2 1814 181
3
1 1072 136
2 180 904
3
2 1884 825
1 8042 286
3
3
